function k_val = k_values
k_val = [0.0000,0.0216,0.0000,0.0161,0.0237,0.0152]

